0.00002059674607  4.02734617775015
0.00002819593286  4.02734617775015
0.00003859884601  4.02734617775015
0.00005283992271  4.02734617775015
0.00007233525664  4.32566811684275
0.00009902341042  4.92231199502795
0.00012532241905  5.81727781230578
0.00016495600902  7.01056556867618
0.0002087656444  7.90553138595401
0.00027478840403  8.80049720323181
0.00036169105892  9.69546302050962
0.00047607693842  9.99378495960224
0.0006517259253  10.59042883778744
0.00085783619902  10.59042883778744
0.00117433558623  10.59042883778744
0.00160760768856  10.88875077688004
0.00220073589751  10.88875077688004
0.00301269925806  10.88875077688004
0.00412423718348  10.88875077688004
0.00564587796145  10.88875077688004
0.0077289293844  10.88875077688004
0.01058052438202  10.88875077688004
0.01448421775265  10.88875077688004
0.019828182076  11.48539465506525
0.02509422501799  12.08203853325045
0.03303034875724  12.97700435052828
0.04347629537245  14.17029210689869
0.05722580385709  15.0652579241765
0.07242404741498  15.96022374145431
0.09532836908942  17.15351149782472
0.11600175803722  18.64512119328774
0.13572457724921  20.43505282784338
0.14680993988812  24.90988191423244
0.15268766107245  29.6830329397141
0.15880070424076  34.15786202610316
0.16515849080558  38.93101305158483
0.17177081937761  41.01926662523306
0.185800274191  43.40584213797389
0.19323902260613  45.49409571162212
0.20902190205945  47.58234928527035
0.22609385491254  49.96892479801119
0.254351441641  52.05717837165942
0.27512570394092  54.14543194530764
0.30951137286299  55.93536357986326
0.34819461998398  58.02361715351149
0.39171256378827  60.11187072715973
0.44066945272341  61.60348042262275
0.51559283401839  63.69173399627098
0.62740688578676  65.4816656308266
0.73407968790722  67.27159726538223
0.85888918404557  69.35985083903046
0.96623458543956  71.14978247358607
1.13051545813876  72.6413921690491
1.3756847188829  74.72964574269733
1.67402261697835  76.51957737725294
1.95864283300001  78.01118707271597
2.4788265405665  79.8011187072716
3.13716258762979  80.69608452454941
3.97034199051896  81.59105034182721
5.225974523555  82.48601615910503
6.87870460178573  82.78433809819764
9.05411551192195  83.38098197638286
12.39463904597956  83.67930391547545
16.31448072675537  84.87259167184587
20.64734168970427  86.06587942821628
25.12502791854242  87.5574891236793
30.57376767403974  89.34742075823493
37.20414850151481  91.13735239279055
45.27242701912904  93.22560596643878
52.96972323682776  95.01553760099441
61.9757270490622  96.80546923555004
75.41609451623063  98.59540087010566
91.77120758226126  100.08701056556868
111.67317261826564  101.28029832193909
146.99014756442503  102.47358607830951
186.02834209767337  103.36855189558733
254.66365539367922  103.66687383467992
335.20179831884036  104.26351771286514
458.87478376596448  104.26351771286514
628.17702122222261  104.56183965195774
859.94346159775182  104.56183965195774
1177.22032510183408  104.56183965195774
1611.55675427544429  104.56183965195774
2121.21639929703269  104.86016159105034
2903.84097409401511  104.86016159105034
3975.21554407258736  104.86016159105034
5441.87466283914818  104.86016159105034
7449.65889716541096  104.86016159105034
9065.22934466822699  104.86016159105034
